50
trash_1
1
0
0
38
30
trash_2
1
0
0
36
46
planet_1
1
0
0
373
339
planet_2
1
0
0
596
489
planet_3
1
0
0
924
424
meteor
1
0
0
45
40
meteor_1
1
0
0
95
102
meteor_2
1
0
0
94
23
meteor_3
1
0
0
75
60
meteor_4
1
0
0
111
73
j_b_mario
1
0
0
31
63
b_mario
1
0
0
31
63
b_mario_l3
1
0
0
31
63
b_mario_l2
1
0
0
31
63
b_mario_l1
1
0
0
31
63
b_mario_r3
1
0
0
31
63
b_mario_r2
1
0
0
31
63
b_mario_r1
1
0
0
31
63
mario_l_3
1
0
0
31
31
mario_l_2
1
0
0
31
31
mario_l_1
1
0
0
31
31
mario_r_3
1
0
0
31
31
mario_r_2
1
0
0
31
31
mario_r_1
1
0
0
31
31
t_brick
2
341
257
74
74
173
257
74
74
bull
1
454
202
16
16
bull_e
1
454
202
16
16
tank
8
94
2
64
77
178
2
64
77
262
2
64
77
346
2
64
77
430
2
64
77
514
2
64
77
598
2
64
77
10
86
64
77
tank_enemy
12
94
86
64
77
178
86
64
77
262
86
64
77
346
86
64
77
430
86
64
77
514
86
64
77
598
86
64
77
170
86
64
77
90
179
72
66
174
179
72
66
258
179
72
66
240
180
10
10
pipe_b
1
0
0
63
127
pipe_m
1
0
0
63
95
pipe
1
0
0
63
63
hill_s
1
0
0
96
38
brick
1
0
0
32
32
bush_s
1
0
0
64
32
bush_d
1
0
0
96
32
bush_t
1
0
0
128
32
b_mario
1
0
0
32
64
mario
1
0
0
25
31
Bricks
1
0
0
32
32
q_block
1
0
0
32
32
hill_l
1
0
0
160
70
sky
1
0
0
160
70
e_block
1
0
0
32
32
coins
4
8
0
24
27
40
0
55
27
72
0
87
27
105
0
120
27
enemy1
1
0
0
31
31
enemy2
1
0
0
31
31
dead_m
1
0
0
30
28
muth
1
0
0
32
32
mario_j
1
0
0
33
31